
name(The Introductory Stage)

snap(-5,-5,20)

snap(-5,-5,20)
sky(207,232,255)
fog(198,219,224)
clouds(255,255,255,3,-1062)
ground(185,210,205)
texture(41,119,204,20)
fadefrom(5000)
density(3)
mountains(99406)

nlaps(4)

set(47,0,0,0)p
set(10,0,5600,180)p
set(26,0,9000,0)pr
set(10,0,12200,0)p
set(10,0,17800,0)p
set(10,0,23400,0)p
set(10,0,29000,0)
chk(40,0,28000,0)
set(14,0,33550,-90)pt
set(10,-4550,33550,90)p
set(14,-9100,33550,0)pt
set(10,-9100,29000,0)p
set(10,-9100,23400,0)p
set(10,-9100,17800,0)p
set(26,-9100,14400,180)pr
fix(41,-9100,10600,-1400,0)
set(10,-9100,11200,0)p
set(10,-9100,5600,0)p
set(10,-9100,0,0)p
set(14,-9100,-4550,90)pt
set(10,-4550,-4550,90)
chk(40,-4550,-4550,90)
set(14,0,-4550,180)pt

set(24,-4550,0,180)
set(16,-4550,2800,0)
set(15,-4550,8400,0)
set(15,-4550,14000,0)
set(15,-4550,19600,0)
set(15,-4550,25200,0)
set(24,-4550,28000,0)
set(33,-4550,10000,0)
set(33,-4550,14000,0)
set(33,-4550,18000,0)



set(65,2875,-2350,90)
set(67,1850,6125,90)
set(65,1450,17000,0)
set(69,2350,30400,0)
set(65,-3875,31275,0)
set(66,-7875,35675,-90)
set(69,-11375,24900,180)
set(68,-10725,6575,90)
set(69,-7025,-1000,-90)
set(65,-5675,-6975,180)
set(66,-2175,675,180)
set(68,-2900,7050,-90)
set(65,-7038,11948,90)
set(66,-1525,13850,180)
set(67,-7350,21375,0)
set(68,-2800,23400,0)
set(68,-12350,26300,180)
pile(4546,5,3,-2975,36075)
pile(5470,3,4,-3925,35525)
pile(1680,2,6,-4025,36200)
pile(5730,2,6,-3625,36525)
pile(2583,5,5,-5500,30275)
pile(5305,2,3,-13150,25125)
pile(9124,2,3,-12300,25575)
pile(17,2,3,-11125,25625)
pile(6701,2,3,-12175,27050)
pile(5829,2,3,-11650,12475)
pile(3998,2,3,-11250,13500)
pile(9572,5,3,-12025,13425)
pile(7943,3,6,-11050,12950)
pile(9856,3,4,2525,1900)
pile(3724,3,4,2175,2875)
pile(5837,3,3,2950,2825)
pile(6927,6,6,2300,12625)
pile(7818,4,2,-2300,-900)
pile(8284,4,2,-4050,-2175)
pile(2704,4,2,-7375,7975)
pile(6158,2,2,2975,30875)
pile(4808,2,2,2100,31125)
pile(6174,2,2,-11650,3325)
pile(5797,2,2,-11250,2350)
pile(6568,2,2,-12050,2775)
pile(6747,2,6,-12075,2150)
pile(580,3,2,-11800,1200)
pile(1464,3,2,-7250,-2500)
pile(19,3,2,-11275,-4225)
pile(7577,3,2,-3425,-6775)
pile(4275,3,5,-2550,11025)
pile(418,3,5,-2000,10100)
pile(8613,3,5,-2700,8450)
pile(2893,2,4,-2850,3825)
pile(644,2,3,-2150,3700)
pile(2833,2,6,-2425,4975)
pile(1721,2,6,-2625,22100)
pile(7306,2,6,-2450,22975)
pile(4670,2,6,-2725,30000)
pile(3983,2,6,1925,27150)
pile(9805,2,6,2475,18200)
pile(627,2,6,1750,21675)
pile(251,2,4,-7175,18975)
pile(7159,2,4,-7500,18425)
pile(6962,2,2,-6400,29725)
pile(4130,2,2,-6550,30375)
pile(3817,2,3,-6950,30000)


maxr(10,4000,-6000)
maxb(4,-8400,-12800)
maxt(4,39600,-12800)
maxl(10,-15200,-6000)





