
name(Confusion In An Illusion)

snap(15,-7,-50)
sky(203,234,305)
fog(221,233,255)
clouds(255,255,255,10,-1500)
ground(200,200,200)
texture(190,71,48,30)
fadefrom(6000)
density(6)
mountains(21701)

nlaps(2)

set(48,0,0,0)p
set(15,0,5600,0)p
set(15,0,11200,0)
set(35,0,9000,180)pr
set(15,0,16800,0)p
set(16,0,22400,0)p
set(15,0,28000,0)p
set(17,0,32550,0)pt
chk(42,1750,32550,90)
set(17,3500,32550,-90)pt
set(20,3500,28000,180)p
set(10,3500,22400,0)
set(26,3500,23000,180)pr
set(10,3500,16800,0)p
set(13,5020,11170,30)p
chk(40,6540,8370,0)
set(20,6540,5540,0)p
set(17,6540,990,90)pt
set(17,10040,990,180)pt
set(15,10040,5540,0)
set(34,10040,5540,180)pr
set(20,10040,11140,0)p
set(13,8520,16770,30)p
chk(40,7000,19600,0)
set(12,8520,22430,-30)p
chk(40,10040,25260,0)
set(10,10040,28060,0)p
set(14,10040,32610,0)pt
chk(40,11790,32610,90)
set(14,13540,32610,-90)pt
set(20,13540,28060,0)p
set(15,13540,22460,0)p
set(15,13540,16860,0)p
set(15,13540,11260,0)p
set(33,13540,22460,0)
set(33,13540,16860,0)
set(33,13540,11260,0)
set(20,13540,5660,180)p
set(14,13540,1110,90)pt
chk(40,15290,1110,90)
set(14,17040,1110,180)pt
set(10,17040,5660,0)p
set(10,17040,11260,180)p
set(30,17040,17369,0)p
set(30,17040,20729,180)p
set(20,17040,26710,180)p
chk(42,17040,29500,0)
set(17,17040,31250,0)pt
set(17,20540,31250,-90)pt
set(15,20540,26700,180)p
set(15,20540,21100,180)p
set(15,20540,15500,180)
set(34,20540,15500,180)pr
set(15,20540,9900,180)p
fix(41,20540,11700,-2000,0)s
set(16,20540,4300,180)p
set(17,20540,-250,90)pt
chk(42,22290,-250,90)
set(17,24040,-250,180)pt
set(20,24040,4300,0)p
set(10,24040,9900,0)p
set(29,24040,14800,0)pr
set(10,24040,19770,180)
set(29,24040,19128,180)pr
set(10,24040,25370,0)p
chk(40,24040,28170,0)
set(13,22520,31000,30)p
set(14,21000,35550,0)pt
chk(40,22750,35550,90)
set(14,24500,35550,-90)pt
set(13,26020,31000,30)p
set(20,27540,25370,0)p
set(15,27540,19770,0)p
set(15,27540,14170,0)
set(35,27540,14170,180)pr
set(16,27540,8570,0)p
set(15,27540,2970,0)
chk(42,27540,2970,0)
set(21,27540,-2630,180)p
set(19,27540,-7180,180)p
set(18,22990,-7180,90)p
set(18,17390,-7180,90)p
set(18,11790,-7180,90)p
set(36,10690,-8990,180)ph
set(18,6190,-7180,90)p
set(18,590,-7180,90)
chk(40,590,-7180,90)
set(18,-5010,-7180,90)p
set(19,-9560,-7180,90)p
set(18,-9560,-2630,0)p
set(18,-9560,1920,0)p
set(18,-9560,6470,0)p
set(36,-7750,7600,-90)pr
set(18,-9560,12070,0)p
set(18,-9560,17670,0)p
set(36,-7750,18770,-90)pr
set(18,-9560,23270,0)p
set(18,-9560,28870,0)p
set(18,-9560,34470,0)
chk(40,-9560,34470,0)
set(19,-9560,39020,0)pt
set(18,-5010,39020,90)p
set(18,590,39020,90)p
set(36,1690,37210,180)ph
set(18,6190,39020,90)p
set(36,7290,37210,180)pr
set(18,11790,39020,90)p
set(18,17390,39020,90)p
set(18,22990,39020,90)p
set(18,28590,39020,90)
chk(40,28590,39020,90)
set(19,33140,39020,-90)pt
set(18,33140,34470,0)p
set(18,33140,28870,0)p
set(36,31330,27770,90)pr
set(18,33140,23270,0)p
set(18,33140,17670,0)p
set(36,31330,16570,90)pr
set(18,33140,12070,0)p
set(18,33140,6470,0)p
set(36,31330,5370,90)pr
set(18,33140,870,0)p
set(18,33140,-4730,0)p
set(18,33140,-10330,0)p
set(18,33140,-15930,0)
chk(40,33140,-15930,0)
set(19,33140,-20480,180)pt
set(22,30830,-20480,90)p
set(10,27470,-20480,90)p
set(10,21870,-20480,90)p
set(23,19070,-20480,-90)p
set(32,18000,-20180,90)

set(23,11900,-20480,90)p
set(10,9100,-20480,90)p
set(10,4550,-20480,90)p
set(14,0,-20480,90)pt
set(10,0,-15930,0)
chk(40,0,-15930,0)
set(23,0,-13130,180)
set(26,0,-13130,0)pr
set(24,0,-2800,180)p


set(65,-4536,-3485,0)
set(65,3228,7220,90)
set(65,16248,34824,180)
set(65,30612,22665,-90)
set(65,24411,-3690,0)
set(65,12722,-16072,90)
set(65,34608,-9414,180)
set(66,-7355,15115,90)
set(66,-6001,31891,180)
set(66,6475,13675,-90)
set(66,15500,3550,0)
set(66,7675,25600,90)
set(66,10950,36725,180)
set(66,23425,40400,-90)
set(66,34725,24550,0)
set(66,30500,8000,90)
set(66,31050,-10775,180)
set(66,22975,-13950,-90)
set(66,-7050,-12425,0)
set(66,-7450,24325,90)
set(67,4350,-1750,180)
set(67,11625,-4225,-90)
set(67,6300,16325,0)
set(67,4875,33750,90)
set(67,-6625,35750,180)
set(67,25025,36900,-90)
set(67,31375,34025,0)
set(67,29525,11750,90)
set(67,30125,-7000,-90)
set(67,25225,-17475,0)
set(67,17475,-10150,90)
set(67,12100,-23425,180)
set(65,21050,-22350,0)
set(68,-3450,19825,90)
set(68,-2825,35800,180)
set(68,10450,19450,-90)
set(68,4425,-4825,90)
set(68,18825,22700,180)
set(68,23700,37300,0)
set(68,1700,26825,90)
set(68,-11200,2825,180)
set(69,25925,27100,-90)
set(69,29150,34275,0)
set(69,14400,-3275,90)
set(66,18975,-2600,180)
set(66,18600,15200,-90)
set(69,-6475,36600,0)
set(69,17900,35725,90)
set(69,31000,-2000,180)
set(69,28975,-17300,-90)
set(68,2525,-17975,180)
set(69,-8125,-10625,-90)
set(69,-7950,3400,0)
pile(8865,2,6,-3650,500)
pile(1487,2,6,-4575,2675)
pile(1768,2,6,-4925,3200)
pile(7220,2,6,-4825,11225)
pile(4563,2,6,-2650,15075)
pile(2302,2,6,-1550,12500)
pile(491,2,6,-4675,14475)
pile(8147,4,4,-5525,16500)
pile(7541,4,4,-6550,21750)
pile(7372,3,5,-11175,21950)
pile(2648,3,5,-11450,25850)
pile(6153,3,4,-4225,29700)
pile(2360,3,6,-5175,26850)
pile(8206,6,4,-5850,33750)
pile(6753,4,4,-6600,26875)
pile(7522,4,4,-3200,28525)
pile(7749,6,4,-2125,33950)
pile(8017,6,3,7675,30350)
pile(1230,6,5,10350,36325)
pile(5545,3,3,-175,34450)
pile(8384,3,3,-425,36075)
pile(8428,3,3,4350,36725)
pile(645,3,3,5025,21400)
pile(9192,3,3,2150,19075)
pile(263,3,3,3775,2075)
pile(4501,3,3,4275,3250)
pile(3757,3,3,3050,4375)
pile(5201,4,4,7500,12175)
pile(753,3,5,5925,14700)
pile(9480,3,5,7600,14000)
pile(6652,3,5,6100,28175)
pile(6257,3,5,5900,25800)
pile(5976,3,5,1950,25500)
pile(4512,3,5,6925,34875)
pile(2199,5,5,12025,29675)
pile(4731,3,3,4975,17200)
pile(7513,3,3,11575,22600)
pile(7754,3,3,10850,18075)
pile(9887,3,3,12825,-775)
pile(1931,3,3,11825,-1150)
pile(4150,5,2,9575,-975)
pile(3144,3,2,11975,-2275)
pile(3647,3,2,2400,-2425)
pile(6640,3,2,6375,-3925)
pile(8525,3,2,11425,13200)
pile(3335,3,2,11800,4400)
pile(7674,3,2,15350,8200)
pile(707,3,2,15650,9150)
pile(6744,4,2,15550,11725)
pile(7523,3,5,18275,23700)
pile(7536,3,5,18550,18275)
pile(4999,3,5,15400,18700)
pile(1065,3,5,15525,22825)
pile(2324,3,5,15225,36900)
pile(5641,3,5,13950,36400)
pile(5305,2,6,13525,34800)
pile(1928,2,6,17450,34075)
pile(8890,2,6,14850,35125)
pile(7210,2,6,18550,27350)
pile(9535,2,6,18625,-825)
pile(4010,2,6,15650,-15075)
pile(1020,2,6,13075,-13400)
pile(5794,2,6,13200,-14650)
pile(796,2,6,14350,-13925)
pile(9265,2,6,31325,-18700)
pile(3722,2,6,28400,-15050)
pile(9978,2,6,30100,-15375)
pile(5780,2,4,29450,-13925)
pile(5813,4,3,27550,-14300)
pile(2568,5,4,27600,-11800)
pile(8562,5,4,21450,-10450)
pile(343,5,4,18425,-11600)
pile(8823,5,4,31275,14250)
pile(9923,5,4,22875,33800)
pile(4755,4,5,22375,27800)
pile(9782,4,5,26900,36675)
pile(843,4,5,29400,29775)
pile(1178,5,3,31175,32975)
pile(1756,2,4,25175,28850)
pile(3270,2,4,27800,32000)
pile(2757,2,4,30275,31500)
pile(2606,2,4,29925,24900)
pile(2951,2,4,30825,24775)
pile(1355,2,4,31250,20075)
pile(4538,4,5,29625,20875)
pile(9868,4,5,25825,24425)
pile(7632,5,4,25675,20425)
pile(3814,5,5,25600,10125)
pile(3726,6,3,-3975,5600)
pile(4081,6,3,-6975,675)
pile(3952,3,6,-1975,-1850)
pile(8133,3,6,-2675,23900)
pile(7634,3,6,-11250,7375)
pile(167,4,5,-11425,11150)
pile(7739,4,5,-11100,37075)
pile(8345,4,5,-3600,40600)
pile(8565,3,3,4900,40275)
pile(3878,3,3,12800,40350)
pile(4749,3,3,30275,36350)
pile(5772,3,3,25650,13925)
pile(7673,3,3,22300,16650)
pile(4045,3,3,18800,5100)
pile(363,3,3,22425,-4775)
pile(5252,4,3,21825,-4125)
pile(114,2,2,21075,-4950)
pile(4998,2,2,24875,-5200)
pile(6665,2,2,31200,-5350)
pile(3759,2,2,30100,-5075)
pile(3234,2,2,30525,-6125)
pile(8671,2,2,34800,-16650)
pile(4095,2,2,34900,-14025)
pile(5959,2,2,34425,8775)
pile(9743,2,2,30225,9925)
pile(2568,2,2,30900,9075)
pile(3866,4,4,30425,2500)
pile(5951,4,4,7675,-12675)
pile(4490,6,5,6375,-12700)
pile(9652,5,5,6275,-11350)
pile(318,5,3,3675,-11975)
pile(4385,6,4,4150,-12975)
pile(7256,6,4,9300,-15725)
pile(3283,3,6,7300,-16200)
pile(5315,3,6,-5950,-13550)
pile(4183,3,6,-6525,-10075)
pile(8629,3,6,-3725,-13275)
pile(7851,3,6,-4875,-15425)
pile(7132,3,6,22425,7725)
pile(2114,3,6,22525,7075)
pile(9192,3,6,24225,-1150)
pile(6704,3,6,7425,32450)
set(68,34560,21736,-90)
set(67,34304,-48,180)
pile(4329,6,3,12746,-22449)
pile(8605,3,4,17564,-26904)
pile(2471,3,4,15089,-24924)
pile(9725,3,4,13736,-25485)
pile(282,3,4,7994,-23835)
pile(2061,3,4,-5074,-22600)
pile(3559,3,4,-3589,-23359)
pile(7814,3,4,1759,-25488)
pile(36,3,3,-2300,-25125)
pile(5005,4,3,835,-23244)
pile(4770,4,3,25477,-25168)
pile(9648,4,3,26104,-24112)
pile(6377,4,3,33067,-24079)
pile(4660,4,3,28513,-26026)
pile(3296,4,3,20758,-25894)
pile(9279,4,3,-7498,-18315)


maxl(14,-13000,-23000)
maxt(10,41800,-10600)
maxr(14,35000,-23000)
maxb(10,-25400,-10600)
