
name(Introductory Stage)

snap(1,-1,1)
sky(191,232,255)
fog(220,205,179)
clouds(255,255,255,5,-890)
ground(204,187,156)
texture(209,127,38,20)
fadefrom(8000)
density(8)
mountains(83898)

nlaps(3)

set(47,0,0,0)p
set(10,0,5600,180)p
set(10,0,11200,0)p
set(26,0,11200,0)pr
set(10,0,16800,180)p
set(10,0,22400,0)p
set(10,0,28000,0)
chk(40,0,29000,0)
set(14,0,32550,-90)pt
set(22,-2310,32550,-90)p
set(18,-5670,32550,90)p
set(19,-10220,32550,0)pt
set(21,-10220,28000,0)p
set(15,-10220,22400,0)p
set(15,-10220,16800,0)p
set(35,-10220,17000,0)pr
fix(41,-10220,14000,-1200,0)
set(15,-10220,11200,180)p
set(15,-10220,5600,0)p
set(21,-10220,0,180)p
set(19,-10220,-4550,90)pt
set(22,-7910,-4550,-90)p
set(10,-4550,-4550,90)
chk(40,-2000,-4550,90)
set(14,0,-4550,180)pt

set(24,-4550,0,180)
set(16,-4550,2800,0)
set(15,-4550,8400,0)
set(15,-4550,14000,0)
set(15,-4550,19600,0)
set(15,-4550,25200,0)
set(24,-4550,28000,0)
set(33,-4550,10000,0)
set(33,-4550,14000,0)
set(33,-4550,18000,0)


set(69,-2025,3250,0)
set(69,-7675,34075,180)
set(68,-3400,30425,0)
set(68,-12425,4050,90)
set(68,-6350,16450,180)
set(67,1425,2575,-90)
set(67,-5300,-2625,0)
set(67,1475,23825,90)
set(67,-8475,24500,-90)
set(66,-2425,-1200,0)
set(66,1675,9700,90)
set(66,-2325,22425,180)
set(66,-12300,21175,-90)
set(66,-7175,6375,0)
set(65,-2325,13325,90)
set(65,-12200,27500,180)
set(65,-7175,10875,-90)
set(65,-5225,-2525,0)
pile(1081,4,6,-2475,7950)
pile(6800,2,3,-2225,6875)
pile(5312,2,3,-1725,8425)
pile(1926,2,3,-2400,8950)
pile(7713,2,3,1975,-1875)
pile(5416,2,3,2675,-1650)
pile(351,5,2,3075,-275)
pile(8361,2,3,2075,-875)
pile(7925,2,3,3200,-2650)
pile(8038,2,3,-7900,-2175)
pile(6845,2,3,-6925,-775)
pile(4360,2,3,-7550,-1425)
pile(8002,5,2,-13150,1900)
pile(3875,5,2,-7400,8475)
pile(7074,5,5,-8250,9500)
pile(212,5,5,-7425,18700)
pile(5220,4,6,-7400,19675)
pile(3518,2,6,-6425,18700)
pile(1410,2,6,-7100,20900)
pile(3268,2,6,-8050,20900)
pile(5934,2,6,-7675,29675)
pile(968,2,6,-7175,30350)
pile(7144,2,6,-6750,28875)
pile(2742,4,4,-6825,29700)
pile(3666,4,4,-6250,30550)
pile(1403,4,4,-1425,25125)
pile(8987,4,4,-2100,24375)
pile(9477,4,4,-7450,24100)
pile(9744,2,4,1775,23900)
pile(2809,2,4,1550,26450)
pile(3348,2,4,-4100,34275)
pile(5448,2,4,-4975,34225)
pile(2097,2,4,-5525,34725)
pile(6931,2,4,-12050,19975)
pile(7036,2,4,-12550,19775)
pile(60,4,3,-12925,18850)
pile(2152,4,3,-12300,7900)
pile(5196,3,6,-12750,8800)
pile(7457,3,6,-11875,-2200)
pile(1615,3,6,-13100,-1775)
pile(624,6,4,-12550,-525)
pile(4412,3,6,-6200,-5925)
pile(2399,3,6,-7800,-6150)
pile(5638,5,5,-7000,-6325)
pile(4084,3,3,1850,18600)
pile(492,3,3,1775,17875)
pile(2988,3,3,-2775,19775)
pile(8568,3,6,-2575,18575)
pile(3815,5,2,-2150,17375)
pile(3665,4,4,-1650,19675)
pile(5009,4,4,775,33575)
pile(5347,4,4,-4375,35075)
pile(8556,4,4,-1200,34050)
pile(7807,4,4,2150,11866)
pile(3408,3,2,2279,11135)
pile(5773,3,2,1634,12511)
pile(606,3,2,-12118,30139)


maxr(10,4000,-6000)
maxb(4,-8400,-12800)
maxt(4,39600,-12800)
maxl(10,-15200,-6000)





