
name(Arrested by the Man)

snap(20,-20,15)
sky(199,233,255)
fog(196,214,207)
clouds(198,255,236,3,-1156)
ground(192,204,195)
texture(0,133,255,37)
fadefrom(5000)
density(6)
mountains(99240)

nlaps(4)

set(47,0,0,0)p
set(10,0,5600,0)p
set(29,0,10564,0)pr
set(10,0,15528,0)p
set(10,0,21128,180)p
set(10,0,26728,0)p
set(32,350,22400,0)
set(14,0,31278,-90)pt
set(10,-4550,31278,90)
chk(40,-6000,31278,90)
set(14,-9100,31278,90)
set(14,-9100,34778,0)pt
set(10,-4550,34778,90)p
set(20,1050,34778,90)
set(26,-1000,34778,-90)pr
set(15,6650,34778,90)p
set(15,12250,34778,-90)p
set(15,17850,34778,-90)p
set(33,10000,34778,90)
set(33,14500,34778,90)
set(15,23450,34778,90)
chk(42,25950,34778,90)
set(17,28000,34778,-90)pt
set(15,28000,30228,180)p
set(15,28000,24628,180)
set(34,28000,24628,0)pr
set(15,28000,19028,0)p
fix(41,28000,22000,-1700,0)
set(20,28000,13428,180)p
set(10,28000,7828,0)p
set(14,28000,3278,180)pt
set(10,23450,3278,90)
chk(40,23450,3278,90)
set(12,17820,4798,60)p
set(23,14990,6318,-90)p
set(32,14000,5900,90)
set(32,14000,6736,90)
set(23,10910,7110,90)p
set(12,8080,8630,60)p
set(14,3500,10150,0)pt
set(10,3500,5600,180)p
set(10,3500,0,0)
chk(40,3500,-1450,0)
set(14,3500,-4550,180)
set(14,0,-4550,90)pt


set(17,4000,14450,90)
set(44,4000,19000,180)
set(44,4000,24600,0)
set(17,4000,29150,0)
set(44,8550,29150,90)
set(43,14150,29150,-90)
set(44,19750,29150,-90)
set(17,24300,29150,-90)
set(44,24300,24600,0)
set(44,24300,19000,180)
set(17,24300,14450,180)
set(44,19750,14450,-90)
set(43,14150,14450,90)
set(44,8550,14450,90)

set(23,14150,21800,-90)
set(23,14150,21800,90)
set(37,14750,21800,90)
set(37,13650,21800,90)
set(23,13000,9000,-90)
set(23,13000,9000,90)
set(37,13700,9000,90)
set(37,12300,9000,90)
set(23,15500,3300,-90)
set(23,15500,3300,90)
set(37,16200,3300,90)
set(37,14800,3300,90)
set(23,6000,5600,180)
set(23,6000,5600,0)
set(37,6000,5000,90)
set(37,6000,6200,90)
set(23,-2100,33028,-90)
set(23,-2100,33028,90)
set(37,-1500,33028,0)
set(37,-2700,33028,0)


set(65,1850,1625,0)
set(65,-4975,8850,90)
set(65,1800,18750,180)
set(65,10225,24250,-90)
set(65,19675,17325,0)
set(65,-7625,27475,90)
set(65,19775,31950,180)
set(65,29925,16650,-90)
set(65,18825,9275,0)
set(66,-1825,5775,90)
set(66,3525,13800,180)
set(66,-3450,21025,-90)
set(66,-9075,24425,0)
set(66,-3225,29800,90)
set(66,4125,31725,180)
set(66,21125,36625,-90)
set(66,30075,27425,0)
set(66,21425,27250,90)
set(66,10925,18425,180)
set(66,25575,10225,-90)
set(66,6000,-2275,0)
set(68,-2300,-2775,90)
set(68,10375,11800,180)
set(68,-4525,25025,-90)
set(68,6500,36925,0)
set(68,18650,19225,90)
set(68,22750,10650,180)
set(69,10750,-75,0)
set(69,18325,24775,90)
set(69,12325,31275,180)
set(69,25150,29275,-90)
set(69,26200,16975,0)
set(70,1900,7025,180)
set(70,-2300,14050,-90)
set(70,-6925,19600,0)
set(70,3750,30475,90)
set(70,15825,36625,180)
set(70,11300,22200,-90)
set(71,17725,26800,0)
set(71,29975,20175,90)
set(71,26175,7775,180)
set(72,29925,6125,-90)
set(71,9250,3850,0)
set(72,7700,18525,-90)
set(72,18325,-1675,0)
set(71,20975,-2725,90)
set(69,15000,11450,90)
set(68,30150,34525,180)
set(70,-6575,36350,-90)
pile(9704,3,2,-2800,-50)
pile(2696,2,4,-2575,1050)
pile(3256,2,4,-3100,975)
pile(3932,2,4,-2450,4400)
pile(4027,2,4,-2525,3825)
pile(2613,2,4,1800,5325)
pile(2825,2,4,1900,-875)
pile(3960,2,4,5050,2225)
pile(790,2,4,9900,1525)
pile(1941,2,4,8975,450)
pile(2855,2,4,7650,1125)
pile(3708,4,6,7975,-225)
pile(8456,4,6,3700,12625)
pile(3617,2,3,2600,12450)
pile(8313,2,3,-3525,16575)
pile(6882,2,3,-3875,13275)
pile(1531,2,3,1850,26325)
pile(6121,4,6,1875,27750)
pile(9815,5,5,-2875,22325)
pile(2064,3,2,-2500,19850)
pile(5313,3,2,-3950,21750)
pile(4949,3,2,-2350,10300)
pile(5445,6,3,-3450,27300)
pile(2251,3,4,-6700,28175)
pile(9953,3,4,-5550,33050)
pile(5893,2,3,-6725,32700)
pile(8092,2,3,-4675,36325)
pile(1974,2,5,-3825,36425)
pile(4564,2,5,2875,32850)
pile(8145,2,5,6875,32775)
pile(1865,2,5,5675,32825)
pile(7133,4,4,6125,32050)
pile(6295,4,4,11900,36700)
pile(1148,2,2,10525,36500)
pile(9827,2,2,9775,36550)
pile(2187,5,4,2275,37175)
pile(496,5,4,14900,32175)
pile(9333,3,4,12225,32075)
pile(7192,4,5,9775,32625)
pile(3673,4,5,24325,32050)
pile(3304,4,5,22275,31500)
pile(2979,2,5,23775,31175)
pile(5048,4,3,30025,31700)
pile(9867,4,3,26125,28425)
pile(8555,4,4,29900,24125)
pile(4676,4,4,30500,25850)
pile(7850,4,3,26225,19125)
pile(546,4,3,29750,11775)
pile(6136,4,3,25525,12725)
pile(6219,3,4,24675,12125)
pile(3126,3,4,25500,11750)
pile(611,3,4,30350,13300)
pile(6634,3,4,25750,5000)
pile(7617,4,2,24875,6250)
pile(4703,5,5,23600,6200)
pile(1589,5,5,21175,8075)
pile(970,3,2,19575,11225)
pile(6380,3,2,17675,10775)
pile(7418,3,2,12100,-2700)
pile(9816,3,2,15950,-3950)
pile(1677,5,6,18300,-3575)
pile(3034,5,6,17743,122)
pile(4823,5,6,10225,25951)
pile(2976,6,5,7489,23329)
pile(2756,4,4,11707,24412)
pile(4317,4,4,16438,23671)
pile(7911,4,4,16438,19909)
pile(3812,2,2,9085,18883)
pile(8764,2,2,8344,20764)
pile(7758,2,2,20371,24412)
pile(1788,6,5,11992,17059)
pile(9210,6,5,11935,19225)
pile(1643,2,4,10168,19567)
pile(2317,2,4,20200,22588)
pile(732,2,4,20371,21676)
pile(4981,2,4,20314,20650)
pile(3547,2,4,7873,11096)
pile(9203,2,4,6676,11837)
pile(9618,2,4,2002,10754)
pile(9824,2,4,-4325,10412)
pile(6288,2,4,-6783,23412)
pile(6555,2,4,-6840,15945)
pile(4588,2,5,-7695,13323)
pile(2641,2,3,-7752,11556)
pile(6790,4,4,-5985,18567)
pile(2867,3,4,-5446,7013)
pile(5311,5,3,-7099,2396)
pile(6178,5,3,-6814,5018)
pile(6757,5,3,-5332,-3190)
pile(1330,2,3,19632,36436)
pile(1609,2,3,20316,36892)
pile(3618,2,3,30063,28399)
pile(826,2,3,25700,235)
pile(9781,2,3,29177,-563)
pile(5333,2,3,27524,919)
pile(60,3,5,27125,-1304)
pile(355,3,5,24467,-1477)
pile(6804,2,5,29600,34900)


maxl(10,-12000,-7000)
maxt(9,38600,-9600)
maxr(10,31200,-7000)
maxb(9,-9400,-9600)
















