
snap(-20,0,20)
sky(235,253,255)
fog(202,223,219)
clouds(233,235,246,0,-843)
ground(188,214,197)
texture(0,31,255,35)
fadefrom(6000)
density(4)
mountains(92044)

name(Centrifugal Rush| Under Water?)
nlaps(5)

set(47,0,0,0)p
set(10,0,5600,180)
chk(40,0,4600,0)
set(10,0,11200,0)
set(26,0,9200,0)pr
set(10,0,16800,180)p
set(20,0,22400,180)p
set(17,0,26950,0)pt
set(15,4550,26950,90)p
set(33,5950,26950,90)
set(15,10150,26950,-90)p
set(33,11550,26950,90)
set(15,15750,26950,90)
chk(42,17550,26950,90)
set(17,20300,26950,-90)pt
set(15,20300,22400,0)p
set(15,20300,16800,0)
set(35,20300,18800,0)pr
set(15,20300,11200,0)p
fix(41,20300,14800,-1400,0)
set(20,20300,5600,180)p
set(14,20300,1050,180)pt
set(10,15750,1050,90)p
set(10,10150,1050,-90)
chk(40,10150,1050,90)
set(14,5600,1050,90)pt
set(10,5600,5600,0)p
set(28,5600,10000,0)p
set(10,5600,14400,0)p
set(10,5600,20000,180)p
set(14,5600,24550,0)pt
set(10,10150,24550,90)p
set(14,14700,24550,-90)pt
set(10,14700,20000,180)
chk(40,14700,21500,0)
set(10,14700,14400,0)p
set(10,14700,8800,0)p
set(32,14400,8000,180)pr
set(23,14700,6000,0)p
set(32,14300,12000,180)
set(32,15100,10000,180)
set(32,15000,6000,180)
set(23,14700,-2800,180)p
set(14,14700,-4550,180)pt
set(10,10150,-4550,-90)
chk(40,10150,-4550,90)
set(10,4550,-4550,90)p
set(14,0,-4550,90)pt


set(65,9560,5000,90)
set(65,17480,23480,180)
set(66,10480,-2100,-90)
set(66,2860,180,0)
set(66,3100,22860,90)
set(68,18780,-2740,180)
set(68,8840,17200,-90)
set(68,-1900,12380,0)
set(69,2800,10400,180)
set(69,11600,10040,-90)
set(70,1920,-2100,0)
set(70,3160,20800,90)
set(70,12520,14100,180)
set(70,17440,-4360,0)
set(70,6160,-1040,90)
set(71,-1900,2760,180)
set(71,17380,10840,-90)
set(71,20000,-620,0)
set(71,9800,22880,90)
set(72,4676,28598,180)
set(72,11816,2758,-90)
set(72,-1450,19490,0)
set(72,22008,4230,90)
set(69,14925,28650,90)
set(70,22125,19725,90)
set(70,8300,8100,180)
set(70,1905,2925,90)
pile(6862,4,5,2248,6408)
pile(9091,4,3,3368,7144)
pile(8455,4,6,2216,9064)
pile(4639,4,6,-2136,7112)
pile(6476,5,4,2604,17576)
pile(5188,2,4,2508,18664)
pile(3600,2,4,3020,16136)
pile(2497,2,4,2124,15816)
pile(5712,2,5,3436,13448)
pile(1782,2,5,9548,14408)
pile(8771,2,5,8140,14472)
pile(8429,2,5,9388,19368)
pile(8427,2,5,8044,20104)
pile(1860,2,5,8076,18952)
pile(9911,4,2,12012,20072)
pile(4936,4,2,12044,21864)
pile(7825,4,2,10028,21320)
pile(6583,4,2,-1760,15752)
pile(17,3,4,-2080,16872)
pile(7927,5,5,-2496,21352)
pile(6891,5,5,-2368,23528)
pile(7849,3,3,-2208,22088)
pile(285,3,3,-2080,20616)
pile(7366,4,2,-1984,8264)
pile(4865,4,2,6872,28836)
pile(7799,5,2,7928,29220)
pile(3075,2,6,9400,28612)
pile(2664,2,6,10360,29124)
pile(2345,2,6,9496,29220)
pile(6942,5,2,3128,24676)
pile(3555,5,2,16100,24416)
pile(9688,3,4,22212,26048)
pile(7808,3,6,21892,26912)
pile(1006,2,3,17924,24576)
pile(9618,2,3,5208,-2368)
pile(7272,5,6,3768,-1920)
pile(9394,5,4,9560,-1792)
pile(9135,6,6,7512,-1728)
pile(2742,6,6,11100,17012)
pile(9370,3,4,8668,11796)
pile(5350,3,4,11100,11796)
pile(6227,5,2,9820,11220)
pile(6497,5,2,17752,19836)
pile(6021,5,2,16664,18716)
pile(6831,4,3,17272,19324)
pile(7320,4,3,22392,22332)
pile(9473,4,3,18128,13092)
pile(6710,4,3,18000,14372)
pile(7990,6,4,22480,11684)
pile(10,6,4,17444,-2824)
pile(539,6,4,11524,6968)
pile(3464,4,5,10724,6232)
pile(8975,3,3,10212,7128)
pile(1058,3,3,11908,8120)
pile(7752,3,3,12580,6200)
pile(7148,3,3,17288,4092)
pile(6486,4,3,17864,2876)
pile(3238,3,2,16968,3484)
pile(8366,3,2,22160,2444)
pile(4782,3,2,21648,1580)
pile(2907,2,4,22384,6060)
pile(3030,6,2,21168,-212)
pile(5016,6,2,17708,6988)
pile(3915,5,4,22296,16648)
pile(6531,3,6,22488,15688)
pile(2476,3,6,22520,17736)
pile(6304,3,6,-1740,-1640)
pile(1516,3,6,2452,56)
pile(821,2,5,-1612,-2504)
pile(5065,2,5,-2316,-1928)
pile(8677,6,3,-1932,-168)
pile(8807,6,3,-963,27588)
pile(5550,2,6,-1573,26490)
pile(1888,2,6,-2061,27283)


maxl(8,-4000,-5000)
maxt(6,31000,-1600)
maxr(8,24800,-5000)
maxb(6,-7400,-1600)







