
snap(-12,-12,27)
sky(230,247,255)
fog(205,227,240)
clouds(255,255,255,2,-656)
ground(197,213,212)
texture(0,153,255,39)
fadefrom(5000)
density(5)
mountains(87078)

name(The Garden of the King)
nlaps(9)

set(47,0,0,0)p
set(10,0,5600,0)p
set(10,0,11200,0)p
set(26,0,11200,0)pr
set(10,0,16800,0)p
set(30,0,20880,180)p
set(10,0,26989,0)p
set(10,0,32589,180)
chk(40,0,32589,0)
set(14,0,37139,-90)pt
set(10,-4550,37139,90)p
set(26,-6000,37139,90)pr
set(10,-10150,37139,90)p
set(10,-15750,37139,90)p
set(37,-10000,37239,90)
set(37,-11000,37039,90)
set(37,-12000,37239,90)
set(37,-13000,37039,90)
set(37,-14000,37239,90)
set(37,-15000,37039,90)
set(10,-21350,37139,90)p
chk(40,-24150,37139,90)
set(14,-25900,37139,0)pt
set(10,-25900,32589,0)p
set(10,-25900,26989,0)p
set(29,-25900,22025,0)p
set(10,-25900,17061,0)p
set(10,-25900,11461,0)p
set(10,-25900,5861,0)p

set(38,-25900,16000,0)
set(38,-25900,14000,0)
set(38,-25900,12000,0)
set(38,-25900,10000,0)
set(38,-25900,8000,0)
set(38,-25900,6000,0)

set(10,-25900,0,0)p
set(33,-25900,3000,180)

set(10,-25900,-5600,0)p
chk(40,-25900,-8400,0)
set(14,-25900,-10150,90)pt
set(10,-21350,-10150,90)p
set(10,-15750,-10150,90)
set(27,-17750,-10150,-90)pr
set(10,-10150,-10150,90)p
set(10,-4550,-10150,90)p
set(14,0,-10150,180)pt
set(10,0,-5600,0)
chk(40,0,-5600,0)

set(24,-6000,-2800,180)
set(15,-6000,0,0)
set(16,-6000,5600,0)
set(15,-6000,11200,0)
set(16,-6000,16800,180)
set(16,-6000,22400,0)
set(15,-6000,28000,0)
set(24,-6000,30800,0)


set(24,-19900,-2800,180)
set(16,-19900,0,0)
set(15,-19900,5600,0)
set(15,-19900,11200,0)
set(16,-19900,16800,180)
set(15,-19900,22400,0)
set(15,-19900,28000,0)
set(24,-19900,30800,0)

set(24,-12950,-2800,180)po
set(15,-12950,0,0)p
set(15,-12950,5600,0)p
set(15,-12950,11200,0)p
set(35,-12950,11400,0)pr
fix(41,-12950,14000,-1000,0)s
set(15,-12950,16800,180)
set(35,-12950,16410,0)
set(15,-12950,22400,0)
set(16,-12950,28000,0)
set(24,-12950,30800,0)po


set(65,-9977,9178,0)
set(65,-3815,24021,90)
set(65,2338,33423,180)
set(65,-21038,38590,-90)
set(65,-23415,19907,0)
set(65,-16278,4334,90)
set(65,-28013,-3089,180)
set(65,1564,6903,-90)
set(66,-4222,-7049,0)
set(66,-3990,10511,90)
set(66,1457,24955,180)
set(66,-4056,34441,-90)
set(66,-14967,32718,90)
set(66,-27484,17458,-90)
set(66,-18699,-5461,90)
set(67,-2256,-225,180)
set(67,-10093,2053,-90)
set(67,-7921,20241,0)
set(67,-10323,32420,90)
set(67,-22852,26326,180)
set(67,-27307,32455,-90)
set(67,-8400,38687,0)
set(67,-21024,-8594,90)
set(68,-13437,-8729,180)
set(68,-1838,8996,-90)
set(68,-10879,35337,0)
set(68,-23097,8797,90)
set(68,-17016,13902,180)
set(68,-9462,26239,-90)
set(69,-7785,-4690,0)
set(69,-23176,34488,90)
set(69,-27852,3995,180)
set(69,-23287,-8106,-90)
set(69,-10008,4096,180)
set(69,1554,20273,-90)
set(65,-27467,27840,0)
set(65,-9329,-11327,0)
set(66,1272,2760,180)
set(65,-556,38472,0)
set(67,-27468,24108,90)
set(66,-27412,8760,-90)
set(66,1112,-9476,0)
pile(978,4,4,-2360,-2540)
pile(6736,4,5,-3340,860)
pile(1882,3,4,-2580,1240)
pile(2355,3,4,2260,720)
pile(138,3,4,2340,-840)
pile(1073,3,4,2280,-3220)
pile(7309,5,5,-3680,4500)
pile(8760,5,5,2060,9900)
pile(5583,2,4,-3460,8080)
pile(9674,2,4,-3040,7660)
pile(4150,2,4,-3960,8300)
pile(1460,4,2,-2240,11480)
pile(2563,4,2,-3480,15260)
pile(618,5,6,-2860,16720)
pile(1165,5,6,2000,17000)
pile(7829,4,5,1420,16080)
pile(735,4,5,-2740,25800)
pile(8377,4,5,-3800,26240)
pile(8991,4,5,-2740,22580)
pile(2107,5,3,2202,26979)
pile(3509,3,3,-3274,29273)
pile(8717,3,3,-3533,30679)
pile(5991,5,5,-2534,35091)
pile(9105,5,5,1499,37274)
pile(7099,3,6,-3607,38421)
pile(3523,2,2,-7344,35128)
pile(1261,2,2,-8010,34647)
pile(5490,3,3,-10647,31592)
pile(3259,4,2,-11794,32702)
pile(6680,4,4,-17403,30160)
pile(2860,4,4,-16219,29494)
pile(6623,5,4,-17551,28680)
pile(7690,5,4,-16182,24869)
pile(8222,3,4,-17070,23611)
pile(7780,5,5,-9071,21776)
pile(4998,2,4,-10107,20037)
pile(8047,3,4,-9404,19963)
pile(4395,5,5,-17682,9004)
pile(4367,3,4,-17756,10669)
pile(9107,2,3,-17793,17995)
pile(6461,2,3,-16461,18661)
pile(9874,3,5,-17016,17810)
pile(8349,3,5,-23702,31700)
pile(1074,3,5,-22925,30590)
pile(4843,3,5,-23073,26668)
pile(5720,3,5,-15081,26668)
pile(1425,3,5,-23887,24411)
pile(7317,3,5,-10163,12441)
pile(4576,3,5,-9090,11923)
pile(356,3,3,-9719,11257)
pile(8635,3,3,-9090,15179)
pile(7593,4,4,-9349,6484)
pile(9600,4,4,-8313,1896)
pile(6441,4,4,-4912,-5143)
pile(4993,4,4,-10018,-1813)
pile(50,4,4,-16530,-296)
pile(2057,2,5,-16641,-2146)
pile(3448,5,3,-15679,2738)
pile(8607,2,3,-17788,1702)
pile(8407,3,3,-20000,-5721)
pile(564,3,3,-18409,-7349)
pile(254,4,5,-19223,-6424)
pile(4433,4,4,-23441,-911)
pile(7827,4,4,-24212,-2448)
pile(3759,4,4,-27236,-1260)
pile(5993,3,5,-27776,-252)
pile(5279,3,5,-18844,-11448)
pile(874,3,5,-17548,-11520)
pile(3120,5,4,-13760,-7272)
pile(7088,5,4,1724,-8080)
pile(8542,5,2,1724,-9160)
pile(6451,5,2,-3208,-8116)
pile(4484,3,5,-4936,-11392)
pile(3844,3,5,-23268,3832)
pile(7930,5,5,-22944,5560)
pile(2847,3,3,-28128,6532)
pile(6492,3,3,-27480,10456)
pile(3839,5,2,-28092,13732)
pile(2468,5,2,-23088,13660)
pile(9751,6,4,-7084,38668)
pile(2161,2,5,-8128,38416)
pile(9099,2,5,-9136,38776)
pile(756,2,4,-20692,35824)
pile(4278,2,4,-28040,32680)
pile(9677,4,6,-27752,35164)
pile(6545,4,6,-26780,37792)
pile(6292,4,6,-27752,29404)
pile(6815,4,6,-28140,-5924)
pile(9917,4,6,-16836,38772)
pile(594,2,3,-18744,38664)
pile(7580,2,3,-18240,38700)
pile(6263,2,3,-16116,38628)
pile(1745,2,3,-22596,35748)
pile(386,2,3,1620,34656)
pile(5849,2,3,2160,34440)
pile(8042,2,3,1620,32964)
pile(9796,4,2,-20800,34900)
set(68,-16525,27450,90)


maxr(11,4000,-10000)
maxb(7,-12400,-27200)
maxt(7,40400,-27200)
maxl(11,-29600,-10000)







