
snap(20,5,-35)
sky(204,214,255)
fog(226,203,199)
clouds(204,214,255,2,-1140)
ground(193,185,180)
texture(196,142,46,20)
fadefrom(5000)
density(5)
mountains(18086)

name(Maximum Overfly)
nlaps(3)


set(47,0,0,0)p
set(10,0,5600,0)p
set(10,0,11200,0)p
set(10,0,16000,0)p
set(31,0,20109,0)pr
set(23,0,21789,180)p

set(24,0,30800,180)p
set(15,0,33600,0)p
set(15,0,39200,0)p
set(15,0,44800,0)p
set(15,0,50400,0)
chk(42,0,47600,0)
set(17,0,54950,0)pt
set(44,4550,54950,90)p
set(43,10150,54950,90)p
set(43,15750,54950,90)p
set(35,14800,55450,90)
set(35,16400,54450,-90)pr
set(43,21350,54950,90)p
set(43,26950,54950,-90)p
set(44,32550,54950,-90)
chk(42,32000,54950,90)
set(17,37100,54950,180)
set(17,37100,58450,-90)pt
set(44,32550,58450,-90)p
set(43,26950,58450,-90)
set(34,26950,58450,-90)pr
set(43,21350,58450,-90)p
set(43,15750,58450,90)p
set(44,10150,58450,90)
chk(42,7150,58450,90)
set(17,5600,58450,90)
set(17,5600,61950,0)pt
set(44,10150,61950,90)p
set(43,15750,61950,-90)p
set(43,21350,61950,90)p
set(43,26950,61950,90)p
set(33,26950,61950,90)
set(43,32550,61950,-90)p
set(33,32550,61950,90)
set(43,38150,61950,90)p
set(33,38150,61950,90)
set(43,43750,61950,90)p
fix(41,40950,61950,-600,90)
set(33,43750,61950,90)
set(44,49350,61950,-90)p
set(16,54950,61950,-90)p
set(17,59500,61950,180)
set(15,59500,66500,0)
chk(42,59500,66500,0)
set(15,59500,72100,0)p
set(15,59500,77700,180)p
set(15,59500,83300,0)p
set(24,59500,86100,0)
set(35,59500,85400,180)pr

set(23,59500,92100,0)

set(10,59500,94900,0)p
set(10,59500,100500,0)p

set(14,59500,105050,0)pt
set(10,64050,105050,90)p
set(10,69650,105050,-90)p
set(10,75250,105050,-90)
chk(40,77250,105050,90)
set(14,79800,105050,-90)pt
set(10,79800,100500,0)p
set(14,79800,95950,180)pt
set(10,75250,95950,90)p
set(10,69650,95950,-90)p
set(23,62861,95950,-90)
set(31,63541,95950,90)pr

set(23,56139,95950,90)
set(31,55459,95950,-90)p
set(10,49350,95950,90)p
set(10,43750,95950,90)p
set(10,38150,95950,-90)p
set(10,32550,95950,90)p
set(10,26950,95950,90)
chk(40,26950,95950,90)
set(14,22400,95950,0)

set(10,22400,91400,0)p
set(10,22400,85800,180)p
set(28,22400,91200,0)

set(10,22400,80200,0)p
set(10,22400,74600,180)p
set(10,22400,72600,0)p
set(23,22400,66491,0)
set(31,22400,67491,180)pr

set(23,22400,50500,180)p
set(30,22400,48820,0)p
set(10,22400,42711,0)p
set(10,22400,37111,0)p
set(10,22400,31511,0)p
set(10,22400,22400,0)
set(31,22400,25402,180)pr
set(10,22400,16800,0)p
set(10,22400,11200,180)p
set(10,22400,5600,180)p
set(10,22400,0,0)
chk(40,22400,0,0)
set(14,22400,-4550,180)pt
set(10,17850,-4550,90)p
set(10,12250,-4550,90)p
set(10,8400,-4550,-90)p
set(10,4550,-4550,-90)p
set(14,0,-4550,90)pt

set(44,32550,67950,90)
set(43,38150,67950,90)
set(43,43750,67950,90)
set(44,49350,67950,-90)
set(17,53900,67950,180)
set(44,53900,72500,180)
set(43,53900,78100,180)
set(44,53900,83700,0)
set(17,53900,88250,-90)
set(44,49350,88250,-90)
set(43,43750,88250,90)
set(43,38150,88250,-90)
set(44,32550,88250,90)
set(17,28000,88250,0)
set(44,28000,83700,0)
set(43,28000,78100,180)
set(44,28000,72500,180)
set(17,28000,67950,90)



set(24,9000,14000,180)po
set(15,9000,16800,0)p
set(15,9000,22400,180)p
set(15,9000,28000,180)
set(34,9000,28000,180)pr
set(15,9000,33600,0)
set(34,9000,33600,180)pr
fix(41,9000,31200,-2100,0)s
set(15,9000,39200,180)
set(15,9000,44800,0)
set(24,9000,47600,0)p



set(65,1299,1935,0)
set(66,-1172,1957,-90)
set(67,-1963,5106,0)
set(66,1500,6782,90)
set(65,-1734,16427,-90)
set(65,1500,27521,0)
set(65,4330,34805,90)
set(65,-2452,49046,180)
set(66,5012,39504,0)
set(66,-1138,-4326,90)
set(68,2710,16284,0)
set(69,3100,11278,90)
set(69,-2048,42390,180)
set(68,-1396,8528,-90)
set(67,-2432,28970,0)
set(67,-2040,40114,90)
set(66,2654,47824,-90)
set(66,12984,26930,0)
set(66,16354,15350,90)
set(73,6590,52456,-90)
set(73,15402,52482,0)
set(73,34704,56746,90)
set(73,25861,60210,180)
set(73,7834,60350,-90)
set(73,18756,63857,0)
set(73,41415,64061,90)
set(73,42914,59304,-90)
set(73,36986,59670,0)
set(73,9066,63664,90)
set(73,54730,64042,180)
set(73,51636,65056,-90)
set(73,52000,59674,0)
set(73,39214,52854,90)
set(74,61276,65256,180)
set(74,57376,63592,-90)
set(74,59134,60544,0)
set(74,46490,59214,90)
set(74,42538,64180,180)
set(74,29402,60306,-90)
set(74,29252,56792,0)
set(74,21396,56708,90)
set(74,7564,57068,180)
set(74,7468,60216,-90)
set(74,13332,63676,0)
set(74,29812,64360,90)
set(74,27556,64084,180)
set(74,39588,64084,-90)
set(75,1956,52344,0)
set(75,-1732,52320,90)
set(75,3248,56944,180)
set(75,14944,56768,-90)
set(75,35092,56924,0)
set(75,33456,56532,90)
set(75,36456,60052,180)
set(75,18788,60064,-90)
set(75,4300,61692,0)
set(74,4732,58536,90)
set(75,24392,63732,180)
set(75,35324,63924,-90)
set(75,48596,64236,0)
set(75,52244,64020,90)
set(75,20600,53036,180)
set(74,29364,52820,-90)
set(73,37912,53720,0)
set(73,57428,65392,90)
set(73,55152,60172,180)
set(73,12568,52608,-90)
set(74,10108,52704,0)
set(74,25524,52692,90)
set(74,42332,56224,180)
set(75,49832,57666,0)
set(75,43012,57356,90)
set(74,59964,57987,180)
set(74,20224,56690,-90)
set(74,14578,60289,0)
set(74,22282,52894,90)
set(75,22095,53132,180)
set(75,8106,51415,-90)
set(75,5930,51602,0)
set(75,25612,56639,90)
set(75,20595,63979,180)
set(75,20391,65118,-90)
set(75,1153,59979,0)
set(74,2054,58993,90)
set(73,337,57293,180)
set(73,39750,57800,0)
set(74,39900,55800,90)
set(75,40475,56975,180)
set(75,11500,56600,-90)
set(70,57700,69275,0)
set(70,57525,80850,90)
set(70,61275,102525,0)
set(70,70450,106175,90)
set(70,76775,101825,180)
set(70,64400,93825,-90)
set(70,39300,97375,0)
set(70,25325,93875,90)
set(70,20125,81900,180)
set(70,20675,72625,-90)
set(70,36275,82325,0)
set(71,61375,70500,90)
set(71,61300,78425,180)
set(71,62825,86300,-90)
set(71,58000,104200,0)
set(71,73975,97925,90)
set(71,46275,80475,-90)
set(72,40650,84475,0)
set(72,65666,76190,90)
set(72,66194,89586,180)
set(72,51520,92346,-90)
set(72,54478,99704,90)
set(72,44610,98112,180)
set(72,35060,93986,-90)
set(72,24310,87938,0)
set(72,23906,76664,180)
set(72,25010,83760,-90)
set(72,24094,98530,90)
set(72,39584,74836,90)
set(70,55872,90224,180)
set(71,62964,98646,180)
set(71,81836,100052,-90)
set(70,56066,91752,-90)
set(70,42650,94018,0)
set(74,28850,51100,-90)
set(75,32100,51150,0)
set(73,25425,51125,90)
set(73,35225,52425,180)
set(73,15550,64750,-90)
set(74,16525,64700,0)
set(74,37137,64713,90)
set(70,31112,98256,-90)
set(71,19425,92875,0)
set(70,20100,97525,180)
set(72,19550,87025,0)
set(72,24425,70025,90)
set(65,24550,47600,180)
set(65,20400,38550,-90)
set(65,24250,19150,0)
set(65,19050,2950,90)
set(66,24500,5975,180)
set(66,20050,15500,-90)
set(66,20275,31200,0)
set(67,20550,50825,180)
set(68,20350,44525,-90)
set(68,24600,28875,0)
set(68,23425,-4825,90)
set(69,20325,8025,180)
set(69,24250,39975,-90)
set(68,10850,-3150,90)
set(67,13800,400,180)
set(67,19500,-3325,-90)
set(67,9925,-5950,0)
set(65,19572,-3008,180)
set(69,1396,-2123,0)
set(65,15732,13608,90)
set(66,7889,7966,180)
set(67,15267,8369,-90)
set(68,15484,20229,0)
set(69,12489,38790,90)
set(65,6562,49797,180)
set(66,14566,50243,-90)
set(67,15624,34938,0)
set(66,15612,35336,90)
set(68,24336,13811,180)
set(65,24201,35839,90)
set(68,-2200,34824,-90)
set(65,2188,37688,90)
set(74,3060,59740,90)
set(75,5144,63388,180)
set(73,3824,62740,-90)
set(74,2156,61104,0)
set(74,5500,57116,90)
set(74,7392,64540,180)
set(74,11460,64348,-90)
set(73,3240,57816,180)
set(73,3296,60756,0)
set(73,60940,62124,90)
set(74,60600,60432,180)
set(74,55716,58328,-90)
set(75,62000,64129,0)
set(75,55422,64911,90)
set(69,11187,8748,180)
set(65,10810,19382,0)
set(71,69000,100975,0)
set(72,49425,98025,180)
set(71,48300,93850,-90)
set(72,71200,93800,0)
set(70,80175,94450,90)
pile(1045,2,5,4075,-350)
pile(656,2,5,4100,2100)
pile(4979,5,3,7700,3225)
pile(6673,3,3,6250,4925)
pile(5376,4,4,4250,8375)
pile(8393,5,5,4425,7075)
pile(974,3,6,6925,5950)
pile(8518,3,6,7125,10950)
pile(6930,3,6,6475,9700)
pile(6328,3,6,5625,18100)
pile(7921,4,4,5950,20800)
pile(9443,4,4,15075,23675)
pile(3740,4,4,17825,26500)
pile(9062,6,5,17175,25325)
pile(9920,6,5,14250,30550)
pile(986,4,3,15400,16250)
pile(6467,4,3,11925,14575)
pile(5324,4,4,12900,14050)
pile(9907,2,4,12825,15300)
pile(282,2,4,12200,12700)
pile(5514,2,4,14725,3875)
pile(873,2,4,14275,4225)
pile(5562,2,2,15975,5350)
pile(3005,3,5,14325,6300)
pile(1058,3,5,13725,25)
pile(3957,3,5,17800,41400)
pile(3400,4,2,17175,43225)
pile(6197,4,2,16350,42200)
pile(663,4,5,12975,47375)
pile(3999,4,5,4475,50675)
pile(5876,4,5,10425,51325)
pile(4978,4,2,11625,50200)
pile(6475,4,2,18500,49175)
pile(3735,4,2,30975,46950)
pile(4994,4,2,28725,46500)
pile(5837,4,2,27700,48975)
pile(685,3,5,26550,37525)
pile(8164,4,5,26175,38075)
pile(5668,6,4,27175,38125)
pile(2597,6,4,27250,24400)
pile(2128,3,4,27175,22275)
pile(132,3,4,29125,23650)
pile(8039,3,4,26650,250)
pile(8421,2,3,25575,1800)
pile(7724,3,5,26825,1475)
pile(8800,3,4,26750,2900)
pile(1895,5,3,25475,2700)
pile(3286,5,3,25850,-2850)
pile(7173,5,3,16225,10225)
pile(3240,5,3,33925,43725)
pile(2589,5,3,47600,57425)
pile(7963,5,3,45800,54700)
pile(9785,5,5,46725,55925)
pile(740,2,6,46275,57275)
pile(6018,2,6,45850,55875)
pile(9931,5,4,57300,57400)
pile(2479,5,4,55450,56350)
pile(8349,5,4,63650,62275)
pile(1736,4,5,64950,63725)
pile(7318,5,4,64425,67175)
pile(4449,5,4,64625,65775)
pile(5589,5,4,63825,58300)
pile(6332,5,4,5350,43468)
pile(2692,4,3,3800,43282)
pile(4076,3,5,4234,42476)
pile(9066,3,4,4978,37702)
pile(5254,3,4,2772,62372)
pile(4704,3,4,3140,63844)
pile(4469,6,6,2068,63188)
pile(901,6,6,17368,50416)
pile(7788,6,6,18176,67382)
pile(8022,2,5,16714,66737)
pile(2896,4,5,14478,66780)
pile(8421,3,5,15639,67339)
pile(4777,3,5,8759,66135)
pile(7511,3,5,33410,65302)
pile(451,5,3,34915,73687)
pile(2250,5,3,34656,65436)
pile(3879,5,3,41579,75766)
pile(9683,5,3,40820,78400)
pile(7149,5,3,63364,74528)
pile(5167,5,3,56644,78048)
pile(4141,5,3,64100,81536)
pile(2287,5,5,63588,80256)
pile(5719,3,4,66740,92472)
pile(6048,3,4,68188,93608)
pile(790,4,5,67868,92424)
pile(55,4,5,67068,93352)
pile(3768,4,5,81620,97908)
pile(1830,2,4,81588,102004)
pile(677,2,4,81908,102900)
pile(5249,5,4,82420,101876)
pile(3818,5,5,81556,105204)
pile(6892,5,5,73204,103220)
pile(7425,5,5,64908,101016)
pile(2013,5,5,52436,99480)
pile(4522,5,5,44460,92184)
pile(928,5,5,45804,92632)
pile(4641,5,5,34692,98648)
pile(8874,5,5,36164,98904)
pile(6190,5,6,34724,100088)
pile(4909,4,4,41604,99352)
pile(3797,2,5,39908,99192)
pile(3659,2,5,25396,91188)
pile(9235,2,5,30708,92340)
pile(9078,2,5,27604,100532)
pile(4933,6,2,26004,100276)
pile(9585,4,5,24276,99732)
pile(2872,4,5,20168,83944)
pile(5921,4,4,18024,85288)
pile(9834,4,4,18344,83816)
pile(1496,4,4,34656,79168)
pile(7163,4,4,19832,75760)
pile(5429,4,4,25528,80528)
pile(2969,5,5,16408,73040)
pile(6860,5,5,26604,66968)
pile(3536,5,5,25664,10096)
pile(7028,4,3,26688,11184)
pile(2660,4,3,25824,8432)
pile(719,4,3,27296,18596)
pile(1422,4,3,26240,19140)
pile(1012,4,3,17440,19236)
pile(7390,3,2,16448,18020)
pile(1213,3,2,11372,3460)
pile(9964,3,2,14252,10724)
pile(8619,3,2,4944,27924)
pile(513,3,2,-3344,29812)
pile(4174,3,2,-2256,31828)
pile(9048,3,2,4176,33012)
pile(3292,3,2,-2016,22132)
pile(824,6,2,-1116,26532)
pile(2963,5,5,16372,37136)
pile(6835,5,5,17560,94664)
pile(6901,5,3,41051,53604)
pile(2787,6,5,42086,54271)
pile(9505,6,5,57041,74574)
pile(7945,5,5,56995,75954)
pile(3490,5,5,62294,71528)
pile(8512,3,4,61788,76887)
pile(6702,4,5,64393,103513)
pile(1937,4,5,66110,103191)
pile(9344,4,5,67697,103559)
pile(4758,4,5,71489,101742)
pile(6041,5,3,70477,103122)
pile(867,5,3,75874,102742)
pile(7651,5,3,71120,97603)
pile(4823,5,3,69211,98523)
pile(619,5,3,67739,98638)
pile(3465,3,3,68153,97764)
pile(2685,3,3,70959,98753)
pile(7487,3,3,76616,97913)
pile(8052,3,2,77375,98626)
pile(8043,3,2,38081,93367)
pile(9020,3,2,38978,93758)
pile(9337,3,3,40036,93459)
pile(1209,5,5,36310,92815)
pile(8027,5,5,19913,89097)
pile(9888,5,5,20258,90730)
pile(9920,5,3,16716,90592)
pile(9689,5,3,28683,90736)
pile(6809,5,3,32941,83862)
pile(3109,5,3,18738,77742)
pile(9424,5,3,2293,4333)
pile(6157,3,5,-1888,6968)
pile(7743,3,5,-1545,-1867)
pile(8938,3,2,56225,87150)
pile(7499,5,5,55775,85725)
pile(7499,6,6,70835,81250)
pile(8705,5,3,4786,36008)
pile(64,5,3,12784,19356)
pile(6427,5,3,54234,24108)
pile(6572,5,3,58481,38219)
pile(2743,6,6,71496,28081)
pile(9856,6,6,79186,42143)
pile(8157,6,6,68500,42280)
pile(2101,6,6,76843,71288)
pile(3918,6,6,76569,52108)
pile(8086,6,6,45980,30090)
pile(5458,6,6,58620,3900)
pile(5708,6,6,62220,13260)
pile(48,6,6,74968,5464)
pile(2002,6,6,46609,9163)
pile(4751,6,6,52089,44783)
pile(6206,6,6,9923,91747)
pile(674,6,6,47050,103392)
pile(67,6,6,18006,103940)
pile(5073,6,6,10060,81061)




maxl(24,-5000,-5000)
maxt(18,107800,-2600)
maxr(24,81400,-5000)
maxb(18,-7400,-2600)





