
snap(10,30,-38)
sky(192,189,255)
fog(175,178,211)
clouds(255,255,255,2,-1500)
ground(176,176,176)
texture(0,0,0,60)
fadefrom(5000)
density(3)
mountains(73155)

name(Rolling with the Big Boys)
nlaps(3)


set(47,0,0,0)p
set(10,0,5600,0)p
set(10,0,11200,180)
set(26,0,10000,0)pr
set(26,0,11200,180)
set(10,0,16800,0)p
set(10,0,22400,180)p
set(10,0,28000,0)
chk(40,0,28000,0)
set(14,0,32550,-90)pt
set(10,-4550,32550,90)p
set(10,-10150,32550,90)p
set(10,-15750,32550,-90)p

// split roads
set(10,-21350,32550,-90)p
set(10,-26950,32550,90)p
set(28,-31914,32550,90)pr
set(10,-36878,32550,90)p 
fix(41,-35000,32550,-900,90)
set(10,-42478,32550,90)
set(13,-48108,31030,-60)

//
set(13,-21380,31030,-60)p 
set(10,-27010,29510,90)p
set(10,-31338,29510,-90)
set(31,-30700,29510,90)pr
set(10,-36938,29510,-90)p
set(10,-42538,29510,-90)p
set(10,-48138,29510,90)p 

//merged:


set(10,-53738,29510,-90)p
set(10,-59338,29510,90)
chk(40,-61338,29510,90)
set(14,-63888,29510,0)pt
set(10,-63888,24960,0)p
set(10,-63888,19360,180)p
set(32,-63538,19360,180)
set(10,-63888,13760,0)
set(32,-64238,13760,180)pr
set(10,-63888,8160,0)p
set(10,-63888,2560,0)p 
set(10,-63888,-3040,180)
chk(40,-63888,-3040,0) 
set(10,-63888,-8640,180)p
set(12,-65408,-14270,-30)p
set(22,-66928,-17660,0)
set(19,-66928,-19970,180)
set(18,-71478,-19970,90)
set(36,-67600,-20700,180)ph

set(23,-68200,-22000,90)p
set(10,-71000,-22000,90)p
set(23,-73800,-22000,-90)

set(19,-76028,-19970,90)pt
set(22,-76028,-17660,0)
chk(40,-76028,-16000,0)
set(10,-76028,-14300,180)p
set(14,-76028,-9750,0)pt
set(10,-71478,-9750,90)p
set(22,-68118,-9750,90)pr

set(23,-66700,-9750,90)
set(29,-67200,-9750,90)

set(23,-61076,-9750,-90)
set(22,-60516,-9750,90)p
set(22,-59396,-9750,-90)
set(23,-58836,-9750,90)p

set(23,-53104,-9750,-90)p
set(22,-52600,-9750,90)
set(22,-51480,-9750,90)
set(22,-50360,-9750,-90)p
set(10,-47000,-9750,90)p
set(13,-41370,-8230,-60)p
set(22,-37980,-6710,90)
set(19,-35670,-6710,180)pt
set(18,-35670,-2160,0)
set(36,-34940,-6038,-90)ph

set(23,-33640,162,180)p
set(10,-33640,-2638,0)
set(23,-33640,-5438,0)

set(19,-35670,2390,-90)pt
set(18,-40220,2390,-90)
chk(40,-40220,2390,90)
set(18,-45820,2390,90)p
set(18,-51420,2390,90)p
set(19,-55970,2390,0)pt
set(18,-55970,-2160,0)p
set(18,-55970,-7760,0)
set(22,-55970,-11120,180)
set(22,-55970,-12240,0)
set(18,-55970,-15600,180)p
set(18,-55970,-21200,0)p
set(18,-55970,-26800,0)
chk(40,-55970,-29600,0)
set(19,-55970,-31350,90)pt
set(18,-51420,-31350,90)p
set(18,-45820,-31350,-90)p
set(18,-40220,-31350,-90)p
set(36,-40220,-29600,0)
set(18,-34620,-31350,90)
set(36,-38260,-29600,0)ph
fix(41,-35700,-30100,-700,90)
 
set(18,-29020,-31350,90)p
set(22,-25660,-31350,-90)p
set(10,-22300,-31350,90)p
set(10,-16700,-31350,90)p
set(10,-10150,-31350,90)p
set(30,-10591,-31350,-90)
set(10,-4550,-31350,90)p
set(14,0,-31350,180)pt
set(10,0,-26800,0)p
set(10,0,-22400,0)p
chk(40,0,-19600,0)
set(10,0,-16800,180)p
set(10,0,-11200,180)
set(26,0,-11200,0)pr
set(26,0,-10000,180)
set(10,0,-5600,0)p


set(65,-5865,-25840,-90)
set(65,1890,-5360,0)
set(65,-3180,29740,90)
set(65,-26715,26490,-90)
set(65,-64568,32140,0)
set(65,-60934,16246,90)
set(65,-61270,1126,180)
set(65,-70272,-14710,0)
set(65,-61450,-20396,90)
set(65,-53428,-25442,180)
set(65,-49774,-12870,-90)
set(65,-46900,-1870,0)
set(65,-26686,2100,90)
set(65,-30674,-35100,180)
set(66,2582,-15052,-90)
set(66,-2358,-2862,0)
set(66,-3324,6672,90)
set(66,3134,25756,180)
set(66,-14788,29966,-90)
set(66,-38278,30986,0)
set(66,-48900,32974,90)
set(66,-66710,22106,180)
set(66,-66500,8828,-90)
set(66,-60216,-7076,0)
set(66,-74276,-7230,90)
set(66,-49174,-7084,180)
set(66,-41486,-3550,-90)
set(66,-40632,8104,0)
set(66,-29586,8062,90)
set(66,-34044,-14368,180)
set(66,-59648,6188,-90)
set(66,-49416,-34340,0)
set(66,-44586,-25856,90)
set(66,-22500,-28528,180)
set(66,-5836,-33736,-90)
set(66,2184,-28192,0)
set(67,2298,-15621,90)
set(67,-2805,-6542,180)
set(67,-2058,3723,-90)
set(67,1701,14487,0)
set(67,-5166,25450,180)
set(67,-10214,30118,0)
set(67,-23858,31277,90)
set(67,-56148,31517,180)
set(67,-61564,21496,-90)
set(67,-66596,14650,0)
set(67,-66911,2806,90)
set(67,-66533,-6572,180)
set(67,-72575,-18412,-90)
set(67,-59689,-12109,0)
set(67,-42904,-7258,90)
set(67,-42877,-63,180)
set(67,-43962,6083,-90)
set(66,-44445,6125,0)
set(66,-54715,9028,90)
set(67,-61099,-23185,180)
set(67,-60154,-33184,0)
set(67,-47378,-27968,90)
set(67,-30820,-28677,180)
set(67,-9126,-26262,-90)
set(68,-2259,-19093,0)
set(68,1794,9113,90)
set(68,-6639,30357,180)
set(68,-22546,26072,-90)
set(68,-53467,32101,0)
set(68,-69112,24835,90)
set(68,-57884,22454,180)
set(68,-59616,10439,-90)
set(68,-65706,-5306,0)
set(68,-72325,-17100,90)
set(68,-59075,-16325,180)
set(68,-33575,5300,-90)
set(68,-50325,-2650,90)
set(68,-50606,-28664,-90)
set(68,-39514,-33714,0)
set(68,-11879,-24627,180)
set(69,-3190,-9340,-90)
set(69,-2480,19220,0)
set(69,-30854,31036,90)
set(69,-41440,27330,180)
set(69,-58400,26610,-90)
set(69,-66620,15510,0)
set(69,-72516,-2992,90)
set(69,-52836,-7300,180)
set(69,-40300,-1300,-90)
set(69,-50825,6750,90)
set(69,-37000,-12175,180)
set(69,-37450,-18550,-90)
set(69,-14750,-29125,0)
set(69,2625,1775,0)
set(68,-10750,-34000,90)
set(67,-29950,-34825,180)
set(65,-19200,-34375,0)
set(65,-73450,-25100,90)
set(66,-72425,-25125,-90)
set(67,-69525,-26125,0)
set(68,-76200,-23600,90)
set(69,-68475,-28925,180)
set(67,-66580,-25080,-90)
set(68,-28540,-1340,90)
set(69,-30360,-10320,180)
set(66,-32940,-11130,-90)
set(66,-27200,-4200,0)
set(65,-24410,-6780,90)
set(65,-40230,14620,180)
set(65,-9374,-13859,0)
set(65,-14553,-3397,90)
set(65,-8232,2924,180)
set(65,-19189,9935,-90)
set(65,-17297,2625,0)
set(65,-27875,14966,90)
set(65,-37226,17102,180)
set(65,-40365,11168,-90)
set(65,-46987,22262,0)
set(65,-67752,20306,90)
set(65,-69129,2848,180)
set(65,-72715,10225,-90)
set(65,-74134,5452,0)
set(65,-72134,23581,90)
set(65,-52241,16178,0)
set(65,-44849,-19312,90)
set(65,-61077,-27080,180)
set(65,-74278,-30348,-90)
set(65,-68666,-34343,0)
set(65,-54049,-34343,90)
set(65,-28393,-20419,180)
set(65,-23663,-15861,-90)
set(65,-10830,-18285,0)
set(66,-6195,-23280,90)
set(66,-16950,-17025,180)
set(66,-18975,-12480,-90)
set(66,-18530,-590,0)
set(66,-7880,-3620,90)
set(66,-12980,-9830,180)
set(66,-28410,5170,-90)
set(66,-52910,24840,0)
set(66,-58544,2292,90)
set(66,-59408,-2892,180)
set(66,-69340,4836,-90)
set(66,-77164,19380,0)
set(66,-75940,-4352,90)
set(66,-14168,27132,180)
set(66,-11384,19404,-90)
set(66,-15608,22140,0)
set(66,-14896,14912,90)
set(67,-11032,11832,180)
set(67,-14448,15472,-90)
set(67,-21552,15008,0)
set(67,-27208,21168,90)
set(67,-23708,-8532,180)
set(67,-10828,-3772,-90)
set(67,-16820,5636,0)
set(67,-25360,-28236,90)
set(67,-17464,-27004,180)
set(67,-5272,-14368,-90)
set(67,-45204,16420,0)
set(67,-71876,19500,90)
set(67,-74116,11212,180)
set(67,-62108,-16392,-90)
set(67,-60472,-35740,0)
set(67,-53640,-33892,90)
set(68,-10740,-21040,180)
set(68,-35400,-22060,-90)
set(68,-8800,10680,0)
set(68,-24500,14820,90)
set(68,-7860,19980,180)
set(68,-49740,19080,-90)
set(68,-43280,-20460,0)
set(68,-73400,18520,90)
set(69,-22720,-22700,180)
set(69,-45880,-18500,-90)
set(69,-6500,-4500,0)
set(69,-21080,-600,90)
set(69,-35060,15460,180)
set(69,-11380,20780,0)
set(69,-48840,22620,90)
set(69,-75380,11680,180)
set(69,-55660,10140,-90)
set(69,-61770,-15324,0)
set(69,-53310,-20985,-90)
pile(7927,2,2,-4311,-28296)
pile(773,2,2,-4912,-27743)
pile(1267,4,4,-4471,-26840)
pile(7380,4,4,-4492,-25181)
pile(5115,4,4,-5214,-11997)
pile(5100,4,4,-4206,-12228)
pile(5473,3,4,-4647,-12963)
pile(5653,4,5,-3723,-14727)
pile(3857,4,5,3176,-492)
pile(1539,6,6,3134,600)
pile(9746,2,3,3575,-261)
pile(7623,4,4,-3082,2028)
pile(6423,4,4,-4243,2658)
pile(6149,4,4,-5335,1293)
pile(5543,4,4,2642,12987)
pile(6517,4,4,2894,12189)
pile(1040,4,4,-3868,15717)
pile(9948,4,4,-4414,14646)
pile(6295,2,3,-4624,15318)
pile(1508,3,4,-3868,25020)
pile(3924,5,2,-3616,25944)
pile(7655,5,4,-4519,25818)
pile(6667,5,4,-8952,30495)
pile(9904,5,4,-12990,29319)
pile(3762,3,3,-12108,28374)
pile(9896,2,5,-13326,28269)
pile(7811,2,5,-12150,28857)
pile(8305,2,5,-12612,28143)
pile(5196,4,5,-19059,26106)
pile(9737,3,5,-20130,25749)
pile(7587,6,3,-20466,27387)
pile(4570,4,6,-26454,31020)
pile(6532,4,6,-43991,31108)
pile(7357,5,4,-43529,25984)
pile(5133,3,6,-42206,25501)
pile(3409,6,4,-42689,26593)
pile(7742,6,4,-59756,32618)
pile(656,3,4,-60890,33185)
pile(8878,3,4,-68772,26240)
pile(1275,2,6,-68142,26807)
pile(5109,4,3,-67848,25862)
pile(5590,3,2,-69696,25862)
pile(1301,3,2,-59752,24134)
pile(9300,6,4,-60193,22937)
pile(8768,5,5,-60256,17958)
pile(3056,3,3,-59920,18777)
pile(1311,4,3,-68692,17234)
pile(8387,2,4,-69553,17255)
pile(4466,5,2,-69175,16226)
pile(2608,5,2,-66247,11374)
pile(4602,4,3,-59401,13096)
pile(9038,6,2,-59968,11857)
pile(8216,6,2,-68110,6323)
pile(4384,3,3,-69496,7184)
pile(6451,5,5,-70126,6239)
pile(2747,5,5,-60248,-1274)
pile(2774,4,6,-58904,-1946)
pile(1408,5,4,-60689,-2765)
pile(489,4,2,-59324,-203)
pile(7585,4,3,-60395,-56)
pile(4501,4,3,-71395,-6724)
pile(9964,6,2,-70933,-13528)
pile(6329,4,5,-71626,-14907)
pile(5969,4,3,-69127,-13227)
pile(9897,4,3,-71134,-25356)
pile(5674,3,3,-71155,-26574)
pile(3284,4,4,-70336,-26574)
pile(827,4,4,-63328,-17810)
pile(4051,4,5,-61585,-17936)
pile(5249,4,5,-62236,-19070)
pile(7960,4,5,-58328,-11714)
pile(8956,4,5,-47136,-14024)
pile(9328,4,5,-47619,-15053)
pile(7336,6,3,-50496,-14948)
pile(3856,6,3,-48504,-17327)
pile(5698,5,4,-35295,-10240)
pile(1255,5,4,-34875,-9694)
pile(7063,5,4,-33737,4104)
pile(2304,5,3,-34472,4818)
pile(4211,5,4,-41444,5532)
pile(5138,5,4,-47843,5810)
pile(3760,4,5,-48578,6713)
pile(9704,5,2,-47360,7742)
pile(8521,5,2,-29383,-3769)
pile(5247,5,2,-29677,-1039)
pile(8292,5,2,-53824,-17584)
pile(8304,6,3,-52375,-17500)
pile(7892,6,3,-52877,-22828)
pile(1275,5,2,-51529,-22408)
pile(592,3,5,-51613,-23962)
pile(5689,3,5,-52642,-24214)
pile(6192,3,5,-50227,-23437)
pile(6418,3,5,-50080,-21463)
pile(389,3,5,-48694,-23458)
pile(9462,3,5,-51298,-20560)
pile(810,3,5,-57008,-33735)
pile(3727,5,4,-57953,-34932)
pile(1796,4,3,-59045,-34113)
pile(5859,4,3,-45003,-34638)
pile(8653,2,4,-44121,-34491)
pile(1996,3,4,-46095,-34827)
pile(3967,3,5,-45066,-35604)
pile(5312,3,5,-28702,-28067)
pile(5437,6,5,-28954,-26870)
pile(3269,6,6,-27358,-27038)
pile(3060,3,5,-32146,-24791)
pile(8582,6,6,-33175,-24077)
pile(6227,3,5,-31642,-23762)
pile(9994,3,5,-14395,-34312)
pile(555,6,5,-15298,-33787)
pile(930,6,5,2538,-24203)
pile(8367,5,4,2517,-8513)
pile(5914,5,4,2871,7612)
pile(5803,5,4,-35848,25863)
pile(8810,5,4,-51119,23530)
pile(7855,5,4,-72962,-6974)
pile(1006,5,4,-46358,-4312)
pile(4639,5,4,-58569,-22969)
pile(2848,5,4,-46955,-29012)
pile(1529,3,5,-46231,-28213)
pile(1883,4,6,-11373,-27949)
pile(2237,4,6,-15735,17165)
pile(2510,4,5,-16912,18166)
pile(2728,4,5,-17506,16538)
pile(2291,4,5,-17610,4805)
pile(3634,6,5,-16860,3512)
pile(7753,2,5,-17886,5996)
pile(4156,2,5,-16293,4727)
pile(2179,2,5,-18507,3998)
pile(8750,4,5,-19106,5310)
pile(4842,4,5,-19008,-13047)
pile(2891,4,4,-18808,-14066)
pile(9649,4,3,-20290,-14274)
pile(3538,4,3,-17222,-13702)
pile(1417,4,3,-34514,16802)
pile(8054,4,3,-31151,17921)
pile(9134,6,6,-33149,17975)
pile(2681,2,3,-35714,18083)
pile(2598,4,6,-35147,19433)
pile(1569,6,3,-37550,19082)
pile(8481,6,3,-29342,20027)
pile(8237,6,3,-45328,12595)
pile(9164,6,3,-76896,23018)
pile(6630,6,3,-74803,22655)
pile(2814,6,3,-73512,260)
pile(4742,6,3,-74912,1940)
pile(3910,3,5,-73332,-32376)
pile(2659,3,5,-72686,-31320)
pile(5365,3,3,-72620,-31870)
pile(2900,3,3,-73324,-31452)
pile(3567,3,3,-72928,-30176)
pile(6013,3,3,-30100,-16600)
pile(759,3,3,-30345,-17345)
pile(8939,4,6,-30702,-15560)




maxr(15,4000,-35000)
maxb(17,-37400,-75200)
maxl(15,-77600,-35000)
maxt(17,34600,-75200)






