
name(Do The Snake Dance)

snap(-25,0,25)
sky(198,226,255)
fog(174,216,220)
clouds(255,255,255,3,-1046)
ground(180,217,204)
texture(0,133,255,25)
fadefrom(6000)
density(3)
mountains(91881)

nlaps(7)

set(47,0,0,0)p
set(10,0,5600,0)
chk(40,0,5600,0)
set(12,1520,11230,-30)p
chk(40,3040,14060,0)
set(13,1520,16890,30)p
chk(40,0,19720,0)
set(12,1520,22550,-30)p
chk(40,3040,25380,0)
set(13,1520,28210,30)p
chk(40,0,31040,0)
set(12,1520,33870,-30)p
chk(40,3040,36700,0)
set(10,3040,39500,0)p
set(14,3040,44050,-90)pt
set(10,-1510,44050,90)p
set(29,-6474,44050,90)pr
set(10,-11438,44050,90)p
set(10,-17038,44050,90)p
set(14,-21588,44050,0)pt
chk(40,-21588,42300,0)
set(10,-21588,39500,0)p
set(10,-21588,33900,0)
set(26,-21588,33900,180)pr
set(10,-21588,28300,0)p
set(10,-21588,22700,0)p
set(10,-21588,17100,0)p
set(32,-21288,17100,180)
chk(40,-21588,14300,0)
set(10,-21588,11500,0)
set(32,-21888,11500,180)pr
set(10,-21588,5900,0)
set(32,-21288,5900,180)pr
set(23,-21588,3100,0)
set(32,-21888,2100,180)pr

set(23,-21588,-2800,180)p
set(14,-21588,-4550,90)p
set(10,-17038,-4550,90)p
set(10,-11438,-4550,90)
set(10,-9100,-4550,90)
chk(40,-11438,-4550,90)
set(10,-4550,-4550,90)p
set(14,0,-4550,180)p

set(24,-10700,2200,180)po
set(15,-10700,5000,0)p
set(15,-10700,9600,0)p
set(15,-10700,15200,0)p
set(16,-10700,20800,0)p
fix(41,-10700,20800,-2000,0)s
set(15,-10700,26400,0)p

set(34,-10700,24600,0)
set(34,-10700,17000,180)
set(15,-10700,32000,0)
set(24,-10700,34800,0)po


set(65,-720,14112,0)
set(66,-5364,9704,180)
set(67,3924,19816,90)
set(68,-2480,36112,-90)
set(65,-944,25774,-90)
set(68,-1530,45256,0)
set(65,2472,36,90)
set(67,3506,9552,180)
set(69,-6540,17332,0)
set(66,4438,26640,0)
set(67,-8002,32808,90)
set(69,-18112,41728,180)
set(66,-22722,36540,-90)
set(66,-16130,9804,0)
set(67,-19554,27004,90)
set(68,-19414,23532,180)
set(69,-15304,96,-90)
set(65,-15538,-7738,0)
set(67,-14702,-7826,90)
set(68,-9334,-8948,180)
set(69,-6834,-9454,-90)
set(66,-13886,-9798,90)
pile(6780,3,4,-5540,13740)
pile(4157,3,4,-6110,12540)
pile(8469,3,4,-7280,14010)
pile(9508,3,4,-4070,-1510)
pile(6197,2,4,-5600,-760)
pile(6750,2,4,-4370,-550)
pile(495,4,3,-13740,-2140)
pile(2219,4,3,-14820,3800)
pile(3515,4,3,-18060,8810)
pile(7210,3,2,-15930,3020)
pile(9445,3,2,-14880,2900)
pile(1056,3,2,-15270,5000)
pile(7641,3,2,-17850,-9860)
pile(893,3,2,-15300,-9230)
pile(138,3,2,-16860,-8660)
pile(215,3,2,-6870,-7240)
pile(8673,3,2,-8130,-7270)
pile(3987,6,2,-12480,-9340)
pile(6594,6,2,-2760,-6820)
pile(8582,4,6,2500,7920)
pile(164,4,6,-4730,21470)
pile(7939,4,6,-4460,20690)
pile(8606,6,3,-3320,22790)
pile(2200,6,3,4000,22680)
pile(1425,3,4,-800,28650)
pile(6878,3,4,-2570,33260)
pile(1936,3,4,-3380,33260)
pile(9224,3,4,-4100,31910)
pile(6862,6,4,-5900,32570)
pile(3715,6,4,-6600,27470)
pile(2123,5,4,-11450,45750)
pile(2670,5,4,-13930,41370)
pile(2818,3,5,-13480,40140)
pile(6448,3,5,-14740,39720)
pile(1004,3,5,3860,20870)
pile(5791,3,5,2780,20600)
pile(9508,3,5,3860,18110)
pile(1264,3,5,3650,28130)
pile(8298,3,5,3920,33010)
pile(7598,3,5,-2200,41440)
pile(3591,3,5,-4570,40600)
pile(6838,4,6,-5830,38470)
pile(5519,4,6,-23330,38140)
pile(3379,3,5,-17960,38620)
pile(7165,3,5,-18050,37690)
pile(9203,3,5,-17960,29210)
pile(9933,3,5,-17510,29990)
pile(7129,6,4,-16130,29060)
pile(5311,2,2,-23150,29490)
pile(9828,2,2,-23120,30540)
pile(415,2,2,-17090,28200)
pile(9297,3,5,-16220,21890)
pile(3757,3,5,-15980,21160)
pile(4602,4,6,-17000,20080)
pile(8174,4,6,-16070,14170)
pile(551,4,6,-23360,10960)
pile(7448,2,5,-23450,19900)
pile(8024,2,5,-23180,18160)
pile(6263,2,5,-21500,-6660)
pile(6332,5,5,-21890,300)
pile(8687,5,5,-21020,-240)
pile(2905,3,4,-14530,20730)
pile(5770,3,4,-13060,23940)
pile(5304,3,4,3090,2210)
pile(6664,3,4,-2220,1760)
pile(447,3,3,3490,1610)
pile(613,3,3,-16960,-1720)
pile(5944,3,3,-6280,3980)
pile(1470,3,5,3563,19430)



maxr(13,5000,-13600)
maxb(6,-16000,-21400)
maxl(13,-23800,-13600)
maxt(6,46400,-21400)



