
name(Paninaro| Caninaro| Let's fly!)

snap(0,0,40)

snap(0,0,40)
sky(198,203,255)
fog(184,189,217)
clouds(188,212,255,1,-1015)
ground(172,194,198)
texture(114,62,150,32)
fadefrom(7000)
density(3)
mountains(59299)

nlaps(4)

set(47,0,0,0)p
set(10,0,5600,0)p
set(10,0,11200,0)p
set(10,0,16000,0)p
set(31,0,20109,0)pr
set(23,0,21789,180)p
set(23,0,31411,0)p
set(30,0,33091,180)p
set(10,0,39200,0)p
set(10,0,44800,0)p
set(10,0,50400,0)
chk(40,0,50400,0)
set(14,0,54950,-90)pt
set(10,-4550,54950,90)p
set(10,-10150,54950,90)p
set(10,-15750,54950,90)p
set(10,-21350,54950,90)p
chk(40,-23100,54950,90)
set(14,-25900,54950,90)pt
set(10,-25900,59500,0)p
set(10,-25900,65100,0)p
set(10,-25900,70700,0)p
set(14,-25900,75250,0)pt
set(10,-21350,75250,90)
chk(40,-21350,75250,90)
set(14,-16800,75250,-90)pt
set(10,-16800,70700,180)p
set(10,-16800,65100,0)
set(23,-16800,58000,0)
set(31,-16800,58991,180)pr

set(23,-16800,51900,180)
set(10,-16800,47950,180)p
set(31,-16800,50909,0)p

set(10,-16800,42350,0)p
set(10,-16800,36750,0)p
set(10,-16800,31150,0)p
chk(40,-16800,28350,0)
set(14,-16800,26600,90)pt

set(20,-12250,26600,90)p
set(15,-6650,26600,90)p
set(15,-1050,26600,90)
set(35,-3800,26600,90)pr
fix(41,-1200,26600,-1000,90)s
set(15,4550,26600,90)p
set(17,9100,26600,-90)pt
set(20,9100,22050,180)p
set(23,9100,14000,180)
set(31,9100,15941,180)pr

set(10,9100,11200,180)p
set(10,9100,5600,180)p
set(10,9100,0,180)p
chk(40,9100,-2800,0)
set(14,9100,-4550,180)pt
set(10,4550,-4550,90)p
set(14,0,-4550,90)pt


set(65,5050,6100,90)
set(65,-3350,11575,-90)
set(65,4350,33825,0)
set(65,-3950,45050,90)
set(65,-10750,37075,180)
set(65,-12125,69475,-90)
set(65,-22425,70850,0)
set(65,-22125,48125,90)
set(65,-18025,21075,180)
set(66,3525,-1825,-90)
set(66,11925,12050,0)
set(66,2850,15600,90)
set(66,-2200,30850,180)
set(66,2100,40875,-90)
set(66,-10000,56450,0)
set(66,-19225,67900,90)
set(66,-28425,63350,180)
set(66,-10925,22350,-90)
set(67,-1925,4475,0)
set(67,6225,20450,90)
set(67,6225,2800,180)
set(67,-4650,19400,-90)
set(67,-15425,23850,0)
set(67,-12325,14500,90)
set(67,7225,40350,180)
set(67,2725,48350,-90)
set(67,-4775,35325,0)
set(67,-9875,42450,90)
set(67,-6125,60125,-90)
set(67,-13125,72125,0)
set(67,-23500,65075,90)
set(67,-19800,58675,180)
set(68,-9175,52625,-90)
set(68,-2075,-4125,0)
set(68,10800,6900,90)
set(68,-2550,22400,180)
set(68,2425,45875,-90)
set(68,-5425,41725,0)
set(68,-500,57375,90)
set(68,-13050,52875,180)
set(68,-14550,72925,90)
set(67,-5800,50325,180)
set(66,-14475,61075,-90)
set(67,-14800,42825,0)
set(69,-20350,38825,-90)
set(69,-13075,31150,0)
set(66,-21250,31925,-90)
set(69,-23425,58850,90)
set(69,-13547,13692,180)
set(68,-10068,6450,-90)
set(67,-14399,-366,0)
set(66,-5808,17810,90)
set(65,-2060,71201,180)
set(66,-8024,66941,-90)
set(67,-6462,62468,0)
pile(1104,3,3,4321,9096)
pile(8491,3,3,2728,13416)
pile(4303,3,3,-3563,14631)
pile(5668,2,4,-2996,19284)
pile(6633,2,4,-4562,19824)
pile(9989,2,4,-4049,19014)
pile(3778,5,3,-3212,24279)
pile(1370,5,3,7122,22214)
pile(418,2,5,3315,22295)
pile(9983,2,5,3882,20621)
pile(8693,2,5,5367,18299)
pile(4024,4,4,5593,12271)
pile(9796,5,3,3323,35835)
pile(1879,5,3,-3724,35052)
pile(6220,2,5,3541,40380)
pile(9513,2,5,4216,38733)
pile(2442,2,5,3271,38490)
pile(4278,2,5,-3174,47042)
pile(3556,2,5,5047,29005)
pile(9731,2,5,2510,30811)
pile(4760,2,6,-8885,32660)
pile(2,2,6,-8842,31370)
pile(7068,5,4,-7767,30682)
pile(3632,5,4,4758,50166)
pile(9591,3,2,-11826,44748)
pile(1921,3,2,-12041,43587)
pile(1044,3,2,4901,52058)
pile(4979,3,2,-5505,52144)
pile(1271,3,2,-10407,50682)
pile(8316,3,2,-13252,37537)
pile(3091,3,2,-3162,58360)
pile(9498,3,2,-7032,58489)
pile(7571,6,3,-11074,59263)
pile(7182,2,5,-8279,57672)
pile(1426,2,5,-5570,57457)
pile(3666,2,5,-5140,58317)
pile(6198,2,5,-13482,57930)
pile(9774,2,5,-21542,58494)
pile(1641,2,5,-19177,58709)
pile(2158,3,6,-20639,60386)
pile(8988,3,6,-22101,61375)
pile(7733,3,6,-27304,59354)
pile(8602,2,4,-24783,47861)
pile(1292,2,4,-20956,47216)
pile(9149,2,4,-24998,50441)
pile(861,2,4,-20037,33318)
pile(1162,2,4,-21327,31512)
pile(9690,4,2,-23993,35124)
pile(7037,4,2,-19693,36328)
pile(5789,4,2,-22645,42302)
pile(6379,4,4,-22000,44108)
pile(6720,6,3,-23763,41141)
pile(932,6,3,-17295,23592)
pile(7063,3,4,-12221,22173)
pile(7967,3,4,-14715,21829)
pile(3888,3,4,-14801,23334)
pile(5046,3,4,-5635,5780)
pile(7533,3,4,-4517,4146)
pile(2381,3,4,-7140,3931)
pile(5440,3,4,-9634,11370)
pile(4538,3,4,-13736,18328)
pile(4216,3,4,-10597,17468)
pile(8031,3,4,-8957,-1769)
pile(7094,3,4,-15980,10652)
pile(1618,3,4,-16624,7754)
pile(3046,5,2,-13186,-280)
pile(8138,5,2,-14888,-1660)
pile(475,3,5,11850,8202)
pile(7208,3,5,10700,9352)
pile(2756,5,5,11280,18644)
pile(2742,3,5,10912,12342)
pile(4094,3,5,10224,-4986)
pile(8194,3,5,6222,-1582)
pile(9331,3,5,6774,948)
pile(2100,3,5,3232,2604)
pile(8360,5,4,2818,5502)
pile(1048,5,4,-3834,-932)
pile(7217,3,5,-4110,1644)
pile(8948,3,5,-4226,9376)
pile(9964,3,5,2206,58460)
pile(2326,3,5,-2072,61634)
pile(1262,3,5,-4326,63198)
pile(9886,3,5,-10058,65064)
pile(7507,3,5,-8356,67686)
pile(6562,2,4,-21425,50500)
pile(7334,2,4,-21200,50100)
pile(4859,2,4,-20200,51450)
pile(8716,2,4,-20875,51400)
pile(5158,2,4,-11050,44050)
pile(8062,2,4,-20825,30600)
pile(3745,2,4,-7800,32000)
pile(1738,2,4,-3500,34375)
pile(1559,2,4,-6075,51925)
pile(4344,4,6,-20775,63750)
pile(8679,4,6,-19700,64650)
pile(774,2,4,-14400,69500)
pile(3062,2,4,-13650,70050)
pile(2858,2,4,-21800,76825)
pile(7996,3,5,-22725,76950)
pile(4374,3,5,-20575,72175)
pile(8822,2,5,-21275,71125)
pile(6354,2,5,-18950,70925)
pile(7861,2,5,-24100,69150)
pile(6464,3,5,-23175,67750)
pile(3567,3,5,-23325,68500)
pile(510,4,3,-29175,73050)
pile(5117,4,3,-28025,62250)
pile(4448,4,3,-29375,62375)
pile(7641,2,4,-28725,60100)
pile(730,2,4,-28650,67025)
pile(2754,2,4,-29075,68325)
pile(6465,2,4,-8600,71850)
pile(2545,2,4,-9325,71200)
pile(8982,2,4,-8125,70500)
set(68,-23604,52060,180)
set(69,-28410,70896,-90)
set(65,7081,-5931,180)



maxr(19,14000,-7000)
maxb(9,-9400,-26800)
maxl(19,-29200,-7000)
maxt(9,81800,-26800)


